923004011441
923367306147
923166300000
923166300000
923008028123
923008445865
923214070903
923234040404
923218412273
923234040404
923008471800
923008471800
923014452545
923004742660
923218400835
923008411339
923248452786
923211114677
923334223601
923004187602
923008444386
923008444386
923214426016
92323555533103214426016
923004909914
923008744052
923008445536
923214694640
923004145026
923004145026
923219444442
923234313911
923004412750
923004412750
923324182260
923214809100
923004237748
923219446207
923218400835
923334304446
923334304446
923339711113
923214016174
923009480012
923009480012
923008444386
923008444386
923018462185
923009480012
923008444386
923214545450
923040476682
923222224884
923004789247
923214545450
923334440191
923224062222
923008516666
923040466874
923214545450
923314189178
923314189178
923314189178
923214016174
923218448786
923004353640
923218481190
923004237748
923236666111
923217515653
923014452545
923018462185
923314189178
923314189178
923314189178
